170
0 273.559 187.853 195.579 117.965 86.8758 117.991 173.701 244.635 212.543 154.675 49.3322 83.312 31.4795 54.4483 34.7735 47.1721 80.1998 34.9913 196.843 202.064 217.432 289.965 184.477 200.04 284.588 315.717 198.597 186.683 217.339 231.492 233.564 110.492 110.124 242.512 250.392 60.9808 207.463 268.431 273.854 171.369 153.581 99.1949 105.68 247.523 246.051 258.441 254.109 339.796 350.696 315.896 101.702 66.1917 229.727 343.559 359.387 172.445 46.4236 349.43 356.636 357.759 199.503 72.5862 240.359 245.863 241.002 243.514 191.066 71.7225 234.635 354.992 69.4385 78.9814 247.732 292.895 303.872 197.637 238.517 216.948 32.3448 30.6519 208.43 227.934 242.248 208.206 24.0668 207.934 240.322 16.4753 97.4903 103.848 245.835 252.769 94.9929 87.8503 258.6 265.428 85.9982 283.166 287.982 294.36 356.399 234.864 257.378 226.327 257.241 258.677 154.441 137.354 218.449 240.266 240.808 120.064 113.512 173.064 281.944 246.436 248.378 162.278 22.5666 24.0668 14.507 293.956 278.698 260.969 290.774 302.452 306.96 303.604 336.85 235.517 241.887 299.109 308.462 277.745 329.569 229.272 19.3487 308.59 273.463 326.129 342.055 347.07 130.813 122.888 130.959 239.333 239.43 242.101 323.434 341.786 68.5808 68.8977 232.048 230.508 113.729 111.373 226.768 224.193 296.983 297.921 185.522 105.159 52.5867 53.3221 322.394 324.557 350.291 354.029 235.077 
273.559 0 177.577 185.304 166.987 186.684 224.81 258.507 28.9249 61.0164 118.884 303.272 337.252 243.717 318.551 299.428 314.712 344.854 299.094 176.46 181.681 207.156 279.69 89.7047 74.1424 11.0288 42.1576 280.341 268.426 207.063 221.216 223.289 364.432 364.064 232.236 240.116 325.635 80.2855 37.0104 42.4332 253.112 143.305 363.849 370.335 237.247 235.776 248.165 243.834 66.237 77.1364 42.3365 210.78 216.305 219.451 69.9996 85.8274 162.169 234.676 75.8704 83.0763 84.1998 74.9675 209.91 230.083 235.588 230.726 233.238 83.4047 209.377 224.36 81.4328 334.093 343.636 237.456 19.3357 30.3128 187.361 228.241 57.2343 289.885 301.538 66.5255 217.659 231.972 66.641 291.607 197.659 230.047 275.874 351.43 357.788 235.559 242.493 348.933 341.79 248.324 255.152 339.938 272.89 277.706 284.085 82.8396 224.588 247.102 216.051 246.965 248.401 236.184 218.759 208.173 229.99 230.533 187.085 160.047 152.681 271.668 236.16 238.102 136.624 293.453 291.607 285.393 20.3966 17.5883 17.9233 18.6647 292.176 296.684 30.0445 63.2904 225.241 231.611 25.55 34.9024 8.52513 56.0091 218.996 290.235 35.0302 263.188 52.5695 68.4953 73.5108 203.058 208.331 212.703 229.057 229.154 231.825 49.8749 68.227 322.521 322.838 47.513 61.0498 367.669 365.313 47.4111 54.8463 65.5618 66.5 165.139 359.099 317.241 310.862 48.8341 50.9972 76.7311 80.4699 224.802 
187.853 177.577 0 34.697 72.4611 100.977 134.932 163.981 148.652 116.561 58.6928 217.566 251.545 158.01 232.844 213.721 229.005 259.148 213.387 20.6486 25.8697 56.5496 118.033 88.4951 104.057 188.606 219.735 185.815 173.901 29.486 43.6385 45.7113 278.726 278.358 81.6295 89.5095 239.929 111.481 172.449 177.872 158.587 34.2721 278.143 284.628 59.6696 58.1983 70.5875 66.2563 243.814 254.714 219.914 118.643 130.598 41.8741 247.577 263.405 26.9513 148.97 253.448 260.654 261.777 103.521 124.204 52.5058 58.0103 53.1487 55.661 95.0837 123.671 46.7824 259.01 248.386 257.929 59.8785 196.913 207.89 9.78414 50.6639 120.965 204.178 215.832 112.448 40.0815 54.395 112.224 205.9 20.0814 52.4693 190.168 265.724 272.082 57.9819 64.9158 263.226 256.084 97.7178 104.546 254.232 122.283 127.1 133.478 260.417 47.0108 96.4957 65.4446 85.3092 86.7448 141.659 124.234 30.5957 52.4128 52.9554 92.559 74.3408 25.2115 121.062 85.5539 87.4954 41.2683 207.746 205.9 199.687 197.974 182.716 164.987 194.791 141.569 146.078 207.622 240.868 74.6349 81.0045 203.127 212.48 181.763 233.586 57.3403 204.528 212.607 101.532 230.147 246.073 251.088 108.532 113.805 118.177 51.4795 51.5772 54.2479 227.452 245.804 236.814 237.131 136.066 134.526 281.962 279.607 130.786 128.211 201.001 201.939 12.7531 273.393 231.535 225.155 226.411 228.574 254.308 258.047 47.2243 
195.579 185.304 34.697 0 82.4217 108.703 144.893 173.942 156.379 124.287 66.4191 225.292 259.272 165.737 240.57 221.448 236.732 266.874 221.114 55.3456 60.5667 21.8526 94.3861 96.2214 111.784 196.332 227.461 195.776 183.862 59.7385 73.8127 75.8855 286.452 286.084 46.9325 54.8125 247.655 119.207 180.175 185.598 168.547 41.9984 285.869 292.355 85.2923 88.3725 100.762 96.4305 251.541 262.44 227.64 128.604 138.324 72.1265 255.303 271.131 23.1346 156.696 261.174 268.38 269.503 111.247 131.93 82.68 88.1845 83.3229 85.8351 102.81 131.397 76.9566 266.736 256.113 265.655 90.0527 204.639 215.616 30.7118 76.2866 128.692 211.904 223.558 120.174 70.2557 84.5692 119.95 213.626 50.2556 82.7218 197.894 273.45 279.808 84.0987 95.09 270.953 263.81 63.0208 69.8487 261.958 87.5863 92.4029 98.7811 268.143 77.185 61.7987 30.7476 61.6618 63.0975 151.619 134.194 60.7699 82.587 83.1296 102.52 82.0671 59.9085 86.3645 50.8568 52.7984 50.6956 215.473 213.626 207.413 205.7 190.442 172.713 202.518 106.872 111.381 215.348 248.594 39.9379 46.3075 210.854 220.206 189.489 241.313 33.6929 212.255 220.334 77.8842 237.873 253.799 258.814 118.493 123.766 128.138 81.6537 81.7514 79.8706 235.178 253.531 244.54 244.857 143.792 142.252 289.688 287.333 138.512 135.938 208.727 209.665 47.4501 281.119 239.261 232.882 234.138 236.301 262.035 265.773 77.3985 
117.965 166.987 72.4611 82.4217 0 31.0896 62.4708 91.5202 138.062 105.97 48.1022 147.678 181.658 88.1228 162.956 143.834 159.118 189.26 143.5 88.9564 94.1775 104.274 176.808 77.9045 93.4667 178.015 209.144 113.354 101.44 101.947 116.1 118.172 208.838 208.47 129.354 137.234 170.041 100.89 161.858 167.281 86.1255 40.4233 208.255 214.741 132.131 130.659 143.049 138.717 233.224 244.123 209.323 46.1821 60.7106 114.335 236.986 252.814 59.2871 79.0821 242.857 250.063 251.186 92.9303 54.3161 124.967 130.471 125.61 128.122 84.4931 53.7832 119.243 248.419 178.499 188.042 132.34 186.322 197.3 82.2452 123.125 110.375 134.291 145.944 101.858 112.543 126.856 101.634 136.013 92.5425 124.93 120.28 195.836 202.194 130.443 137.377 193.339 186.196 145.442 152.27 184.344 170.008 174.825 181.203 249.826 119.472 144.22 113.169 144.084 145.519 69.1976 51.7728 103.057 124.874 125.416 20.0979 12.2157 65.1773 168.786 133.279 135.22 49.1205 137.859 136.013 129.799 187.383 172.125 154.396 184.201 189.294 193.803 197.031 230.277 122.36 128.729 192.537 201.889 171.172 222.996 116.115 134.641 202.017 160.306 219.556 235.482 240.497 36.0712 41.3444 45.7164 123.941 124.038 126.709 216.862 235.214 166.927 167.244 125.475 123.935 212.075 209.719 120.196 117.621 190.41 191.348 77.6357 203.505 161.647 155.268 215.821 217.984 243.718 247.457 119.685 
86.8758 186.684 100.977 108.703 31.0896 0 38.1265 86.8248 157.759 125.667 67.7992 116.588 150.568 57.0333 131.867 112.744 128.028 158.17 112.41 109.967 115.188 130.556 203.09 97.6015 113.164 197.712 228.841 117.614 109.077 130.463 144.616 146.689 177.749 177.38 155.636 163.516 138.951 120.587 181.555 186.978 93.7626 66.705 177.166 183.651 160.647 159.176 171.565 167.233 252.921 263.82 229.02 24.0965 29.621 142.851 256.683 272.511 85.5688 47.9925 262.554 269.76 270.883 112.627 23.2265 153.483 158.988 154.126 156.638 104.19 22.6936 147.76 268.116 147.409 156.952 160.856 206.019 216.996 110.761 151.641 130.072 103.201 114.854 121.555 141.059 155.372 121.33 104.923 121.059 153.446 89.1903 164.747 171.104 158.959 165.893 162.249 155.107 171.724 178.552 153.254 196.29 201.106 207.485 269.523 147.988 170.502 139.451 170.365 171.801 76.8347 59.748 131.573 153.39 153.933 33.1878 26.6363 86.1882 195.068 159.56 161.502 75.4022 106.769 104.923 98.7095 207.08 191.822 174.093 203.898 215.576 220.084 216.728 249.974 148.641 155.011 212.234 221.586 190.869 242.693 142.396 103.551 221.714 186.588 239.253 255.179 260.194 49.1611 45.2821 53.3535 152.457 152.554 155.225 236.558 254.911 135.837 136.154 145.172 143.632 180.985 178.629 139.892 137.318 210.107 211.045 98.6466 172.416 130.557 124.178 235.518 237.681 263.415 267.154 148.201 
117.991 224.81 134.932 144.893 62.4708 38.1265 0 91.3496 195.885 163.794 105.926 146.067 180.047 86.5116 161.345 142.223 157.507 187.649 141.888 148.094 153.315 166.745 239.279 135.728 151.29 235.839 266.968 113.184 101.269 164.418 178.57 180.643 207.227 206.859 191.825 199.705 168.43 158.713 219.682 225.105 85.9548 102.894 206.644 213.129 194.601 193.13 205.519 201.188 291.047 301.947 267.147 16.2887 51.7994 176.806 294.81 310.638 121.758 71.5675 300.681 307.886 309.01 150.754 45.4061 187.438 192.942 188.081 190.593 142.317 60.8202 181.714 306.243 176.887 186.43 194.81 244.146 255.123 144.716 185.596 168.198 132.679 144.333 159.681 175.013 189.327 159.457 134.401 155.013 187.401 118.669 194.225 200.583 192.914 199.848 191.727 184.585 207.913 214.741 182.733 232.479 237.295 243.674 307.65 181.943 206.691 175.64 206.554 207.99 69.0269 51.9402 165.528 187.345 187.887 52.5589 64.7629 124.315 231.257 195.749 197.691 111.591 136.248 134.401 128.188 245.207 229.948 212.22 242.024 251.765 256.273 254.855 288.1 184.83 191.2 250.36 259.713 228.996 280.819 178.585 133.03 259.84 222.777 277.38 293.305 298.321 45.399 37.4744 45.5457 186.411 186.509 189.18 274.685 293.037 165.315 165.632 183.298 181.758 210.463 208.108 178.019 175.444 248.233 249.172 136.773 201.894 160.036 153.657 273.644 275.807 301.541 305.28 182.156 
173.701 258.507 163.981 173.942 91.5202 86.8248 91.3496 0 229.582 197.491 139.622 203.413 237.393 143.858 218.692 199.569 214.853 244.995 199.235 180.477 185.698 195.795 268.328 169.425 184.987 269.536 300.664 30.7889 42.0137 193.467 207.62 209.693 264.573 264.205 220.874 228.754 225.776 192.41 253.379 258.802 26.6994 131.944 263.99 270.476 223.651 222.18 234.569 230.238 324.744 335.643 300.843 75.0609 110.572 205.855 328.507 344.334 150.807 130.34 334.377 341.583 342.707 184.451 104.178 216.487 221.992 217.13 219.642 176.013 109.518 210.764 339.94 234.234 243.777 223.86 277.843 288.82 173.765 214.645 201.895 190.026 201.679 193.378 204.063 218.376 193.154 191.748 184.063 216.451 176.015 251.571 257.929 221.963 228.897 249.074 241.931 236.963 243.791 240.079 261.528 266.345 272.723 341.347 210.992 235.741 204.69 235.604 237.039 22.3226 46.0477 194.577 216.394 216.937 71.4223 103.736 156.698 260.306 224.799 226.74 140.641 193.594 191.748 185.534 278.904 263.645 245.917 275.721 280.814 285.323 288.551 321.797 213.88 220.249 284.057 293.409 262.692 314.516 207.635 190.376 293.537 251.826 311.076 327.002 332.018 55.449 53.8752 45.8039 215.461 215.559 218.229 308.382 326.734 222.662 222.979 216.995 215.455 267.81 265.454 211.716 209.141 281.93 282.868 169.156 259.24 217.382 211.003 307.341 309.504 335.238 338.977 211.206 
244.635 28.9249 148.652 156.379 138.062 157.759 195.885 229.582 0 32.0915 89.9595 274.347 308.327 214.792 289.626 270.503 285.787 315.929 270.169 147.535 152.756 178.231 250.765 60.7798 45.2175 39.9537 71.0825 251.416 239.502 178.138 192.291 194.364 335.507 335.139 203.311 211.191 296.71 51.3606 23.7967 29.2196 224.187 114.38 334.924 341.41 208.322 206.851 219.24 214.909 95.162 106.061 71.2614 181.855 187.38 190.526 98.9246 114.752 133.244 205.751 104.795 112.001 113.125 46.0426 180.985 201.158 206.663 201.801 204.313 54.4798 180.452 195.435 110.358 305.168 314.711 208.531 48.2606 59.2378 158.436 199.316 28.3094 260.96 272.613 37.6006 188.734 203.047 37.7161 262.682 168.734 201.122 246.949 322.505 328.863 206.634 213.568 320.008 312.865 219.399 226.227 311.013 243.965 248.782 255.16 111.765 195.663 218.177 187.126 218.04 219.476 207.259 189.835 179.248 201.065 201.608 158.16 131.122 123.756 242.743 207.235 209.177 107.699 264.528 262.682 256.468 49.3215 34.0632 16.3346 46.1391 263.251 267.759 58.9695 92.2153 196.317 202.686 54.4749 63.8273 33.1103 84.934 190.072 261.31 63.9551 234.263 81.4944 97.4202 102.436 174.133 179.406 183.778 200.132 200.23 202.9 78.7998 97.1519 293.596 293.913 18.5881 32.1249 338.744 336.388 18.4862 25.9213 52.3482 53.2863 136.214 330.174 288.316 281.937 77.759 79.9221 105.656 109.395 195.877 
212.543 61.0164 116.561 124.287 105.97 125.667 163.794 197.491 32.0915 0 57.868 242.256 276.235 182.701 257.534 238.411 253.696 283.838 238.077 115.443 120.664 146.14 218.673 36.1091 26.0355 72.0451 103.174 219.325 207.41 146.047 160.199 162.272 303.416 303.048 171.22 179.1 264.619 19.2691 55.8882 61.311 192.096 82.2887 302.833 309.318 176.23 174.759 187.148 182.817 127.253 138.153 103.353 149.764 155.288 158.435 131.016 146.844 101.153 173.66 136.887 144.093 145.216 13.9511 148.894 169.067 174.571 169.71 172.222 22.3883 148.361 163.343 142.449 273.076 282.619 176.439 80.3521 91.3292 126.345 167.225 9.67195 228.868 240.522 10.8855 156.642 170.956 5.62458 230.59 136.642 169.03 214.858 290.414 296.772 174.543 181.477 287.916 280.774 187.308 194.136 278.922 211.873 216.69 223.068 143.856 163.572 186.086 155.035 185.949 187.385 175.168 157.743 147.157 168.974 169.516 126.068 99.0309 91.6641 210.652 175.144 177.085 75.6074 232.436 230.59 224.377 81.413 66.1547 48.426 78.2306 231.159 235.668 91.0609 124.307 164.225 170.595 86.5664 95.9187 65.2018 117.025 157.98 229.218 96.0466 202.171 113.586 129.512 134.527 142.041 147.315 151.687 168.04 168.138 170.809 110.891 129.243 261.504 261.821 19.5047 23.2321 306.652 304.297 14.2252 16.9178 84.4397 85.3778 104.123 298.083 256.225 249.846 109.85 112.014 137.748 141.486 163.785 
154.675 118.884 58.6928 66.4191 48.1022 67.7992 105.926 139.622 89.9595 57.868 0 184.388 218.367 124.832 199.666 180.543 195.827 225.97 180.209 57.5752 62.7963 88.2717 160.805 29.8023 45.3645 129.913 161.042 161.457 149.542 88.1789 102.331 104.404 245.548 245.18 113.352 121.232 206.751 52.7877 113.756 119.179 134.228 24.4207 244.965 251.45 118.362 116.891 129.28 124.949 185.121 196.021 161.221 91.8956 97.4202 100.567 188.884 204.712 43.2845 115.792 194.755 201.961 203.084 44.828 91.0257 111.199 116.703 111.842 114.354 36.3909 90.4928 105.475 200.317 215.208 224.751 118.571 138.22 149.197 68.477 109.357 62.2726 171 182.654 53.7554 98.7743 113.088 53.5313 172.722 78.7742 111.162 156.99 232.546 238.904 116.675 123.609 230.048 222.906 129.44 136.268 221.054 154.005 158.822 165.2 201.724 105.704 128.218 97.1667 128.081 129.517 117.3 99.875 89.2885 111.106 111.648 68.2002 41.1629 33.7961 152.784 117.276 119.217 17.7393 174.568 172.722 166.509 139.281 124.023 106.294 136.099 173.291 177.8 148.929 182.175 106.357 112.727 144.434 153.787 123.07 174.894 100.112 171.35 153.915 144.303 171.454 187.38 192.395 84.1734 89.4466 93.8186 110.172 110.27 112.941 168.759 187.111 203.636 203.953 77.3727 75.8327 248.784 246.429 72.0933 69.5184 142.308 143.246 46.2545 240.215 198.357 191.977 167.719 169.882 195.616 199.354 105.917 
49.3322 303.272 217.566 225.292 147.678 116.588 146.067 203.413 274.347 242.256 184.388 0 33.9797 59.5552 40.0431 84.1057 96.5043 129.532 20.586 226.556 231.777 247.145 319.678 214.19 229.752 314.301 345.43 226.673 214.759 247.052 261.204 263.277 61.1602 60.7919 272.224 280.104 110.313 237.175 298.144 303.567 199.444 183.293 148.527 155.013 277.235 275.764 288.153 283.822 369.509 380.408 345.609 129.778 94.2674 259.44 373.272 389.099 202.157 74.4993 379.142 386.348 387.472 229.216 100.662 270.071 275.576 270.714 273.227 220.779 99.7982 264.348 384.705 118.771 128.314 277.444 322.608 333.585 227.35 268.23 246.66 81.677 79.9841 238.143 257.647 271.961 237.919 73.399 237.647 270.035 65.8075 48.158 54.516 275.548 282.481 45.6606 38.518 288.313 295.141 36.6659 312.878 317.695 324.073 386.112 264.576 287.091 256.04 286.954 288.389 182.516 165.43 248.161 269.978 270.521 149.776 143.225 202.777 311.656 276.149 278.09 191.991 71.8989 73.399 63.8392 323.669 308.41 290.682 320.486 332.164 336.673 333.317 366.562 265.23 271.599 328.822 338.174 307.458 359.281 258.985 68.6809 338.302 303.176 355.842 371.767 376.783 158.889 150.964 159.035 269.045 269.143 271.814 353.147 371.499 19.2485 19.5655 261.76 260.22 64.3966 62.041 256.481 253.906 326.695 327.634 215.235 55.8271 101.919 102.654 352.106 354.269 380.003 383.742 264.79 
83.312 337.252 251.545 259.272 181.658 150.568 180.047 237.393 308.327 276.235 218.367 33.9797 0 93.5349 74.0228 118.085 130.484 163.512 54.5658 260.535 265.757 281.124 353.658 248.17 263.732 348.281 379.409 260.653 248.738 281.031 295.184 297.257 27.1805 26.8121 306.204 314.084 144.293 271.155 332.124 337.546 233.424 217.273 182.507 188.992 311.215 309.744 322.133 317.802 403.489 414.388 379.588 163.758 128.247 293.419 407.251 423.079 236.137 108.479 413.122 420.328 421.452 263.195 134.642 304.051 309.556 304.694 307.206 254.758 133.778 298.328 418.685 152.75 162.293 311.424 356.588 367.565 261.33 302.209 280.64 115.657 113.964 272.123 291.627 305.94 271.899 107.379 271.627 304.015 99.7872 14.1783 20.5362 309.527 316.461 11.6809 7.57196 322.292 329.12 5.71986 346.858 351.675 358.053 420.091 298.556 321.07 290.019 320.933 322.369 216.496 199.409 282.141 303.958 304.501 183.756 177.205 236.756 345.636 310.129 312.07 225.97 105.879 107.379 97.8189 357.648 342.39 324.661 354.466 366.144 370.652 367.296 400.542 299.21 305.579 362.802 372.154 341.437 393.261 292.965 102.661 372.282 337.156 389.821 405.747 410.763 192.868 184.944 193.015 303.025 303.123 305.793 387.127 405.479 19.8083 17.1459 295.74 294.2 30.4168 28.0613 290.461 287.886 360.675 361.613 249.215 21.8474 135.899 136.634 386.086 388.249 413.983 417.722 298.77 
31.4795 243.717 158.01 165.737 88.1228 57.0333 86.5116 143.858 214.792 182.701 124.832 59.5552 93.5349 0 74.8336 55.7109 70.995 101.137 55.3768 167.001 172.222 187.589 260.123 154.635 170.197 254.746 285.874 167.118 155.203 187.496 201.649 203.722 120.715 120.347 212.669 220.549 81.9181 177.62 238.589 244.012 139.889 123.738 120.132 126.618 217.68 216.209 228.598 224.267 309.954 320.853 286.053 70.2229 34.7122 199.885 313.717 329.544 142.602 14.9441 319.587 326.793 327.917 169.66 41.1067 210.516 216.021 211.159 213.671 161.223 40.243 204.793 325.15 90.3758 99.9188 217.889 263.053 274.03 167.795 208.674 187.105 46.1678 57.8212 178.588 198.092 212.405 178.364 47.8897 178.092 210.48 32.1571 107.713 114.071 215.992 222.926 105.216 98.0732 228.757 235.585 96.2211 253.323 258.14 264.518 326.557 205.021 227.535 196.484 227.399 228.834 122.961 105.874 188.606 210.423 210.966 90.2211 83.6696 143.221 252.101 216.594 218.535 132.436 49.7359 47.8897 41.6763 264.114 248.855 231.127 260.931 272.609 277.118 273.761 307.007 205.675 212.044 269.267 278.619 247.902 299.726 199.43 46.518 278.747 243.621 296.286 312.212 317.228 99.3333 91.4086 99.48 209.49 209.588 212.258 293.592 311.944 78.8037 79.1207 202.205 200.665 123.952 121.596 196.926 194.351 267.14 268.078 155.68 115.382 73.5241 67.145 292.551 294.714 320.448 324.187 205.235 
54.4483 318.551 232.844 240.57 162.956 131.867 161.345 218.692 289.626 257.534 199.666 40.0431 74.0228 74.8336 0 89.2219 101.62 134.648 19.457 241.834 247.055 262.423 334.956 229.468 245.031 329.579 360.708 241.951 230.037 262.33 276.483 278.555 101.203 100.835 287.503 295.383 115.429 252.454 313.422 318.845 214.723 198.572 153.643 160.129 292.514 291.042 303.432 299.1 384.788 395.687 360.887 145.057 109.546 274.718 388.55 404.378 217.436 89.7777 394.421 401.627 402.75 244.494 115.94 285.35 290.854 285.993 288.505 236.057 115.077 279.626 399.983 123.887 133.43 292.723 337.886 348.863 242.628 283.508 261.939 86.7932 85.1003 253.421 272.926 287.239 253.197 78.5151 252.925 285.313 70.9236 88.2011 94.5591 290.826 297.76 85.7037 78.5611 303.591 310.419 76.709 328.157 332.973 339.351 401.39 279.855 302.369 271.318 302.232 303.668 197.795 180.708 263.44 285.257 285.799 165.055 158.503 218.055 326.935 291.427 293.369 207.269 77.015 78.5151 68.9553 338.947 323.689 305.96 335.765 347.443 351.951 348.595 381.841 280.508 286.878 344.101 353.453 322.736 374.56 274.263 73.7971 353.581 318.455 371.12 387.046 392.061 174.167 166.242 174.314 284.324 284.421 287.092 368.425 386.777 59.2916 59.6086 277.039 275.499 104.44 102.084 271.759 269.185 341.974 342.912 230.513 95.8702 107.035 107.77 367.385 369.548 395.282 399.02 280.068 
34.7735 299.428 213.721 221.448 143.834 112.744 142.223 199.569 270.503 238.411 180.543 84.1057 118.085 55.7109 89.2219 0 26.5214 45.4263 69.7648 222.711 227.933 243.3 315.834 210.346 225.908 310.457 341.585 222.829 210.914 243.207 257.36 259.433 145.266 144.898 268.38 276.26 26.2072 233.331 294.3 299.722 195.6 179.449 64.4214 70.907 273.391 271.92 284.309 279.978 365.665 376.564 341.764 125.934 90.4231 255.595 369.427 385.255 198.313 70.655 375.298 382.504 383.628 225.371 96.8176 266.227 271.732 266.87 269.382 216.934 95.9539 260.504 380.861 34.6649 44.2079 273.6 318.763 329.741 223.505 264.385 242.816 12.869 24.9837 234.299 253.803 268.116 234.075 11.0768 233.803 266.191 26.8094 132.264 138.622 271.703 278.637 129.766 122.624 284.468 291.296 120.772 309.034 313.851 320.229 382.267 260.732 283.246 252.195 283.109 284.545 178.672 161.585 244.317 266.134 266.677 145.932 139.38 198.932 307.812 272.304 274.246 188.146 19.4695 11.0768 20.6366 319.824 304.566 286.837 316.642 328.32 332.828 329.472 362.718 261.386 267.755 324.978 334.33 303.613 355.437 255.141 16.41 334.458 299.332 351.997 367.923 372.939 155.044 147.12 155.191 265.201 265.299 267.969 349.303 367.655 103.354 103.671 257.916 256.376 148.502 146.147 252.637 250.062 322.851 323.789 211.391 139.933 17.8132 25.8409 348.262 350.425 376.159 379.898 260.946 
47.1721 314.712 229.005 236.732 159.118 128.028 157.507 214.853 285.787 253.696 195.827 96.5043 130.484 70.995 101.62 26.5214 0 38.8358 82.1634 237.996 243.217 258.584 331.118 225.63 241.192 325.741 356.869 238.113 226.198 258.492 272.644 274.717 157.664 157.296 283.664 291.544 19.077 248.615 309.584 315.007 210.884 194.733 57.8309 64.3165 288.675 287.204 299.593 295.262 380.949 391.848 357.048 141.218 105.707 270.88 384.712 400.539 213.597 85.9391 390.582 397.788 398.912 240.656 112.102 281.511 287.016 282.154 284.666 232.218 111.238 275.788 396.145 61.1864 70.7293 288.884 334.048 345.025 238.79 279.669 258.1 38.0579 37.0122 249.583 269.087 283.4 249.359 23.1053 249.087 281.475 38.8379 144.662 151.02 286.987 293.921 142.165 135.022 299.752 306.58 133.17 324.318 329.135 335.513 397.552 276.016 298.53 267.479 298.394 299.829 193.956 176.869 259.601 281.418 281.961 161.216 154.665 214.216 323.096 287.589 289.53 203.431 31.498 23.1053 32.6651 335.109 319.85 302.122 331.926 343.604 348.113 344.756 378.002 276.67 283.039 340.262 349.614 318.897 370.721 270.425 28.4385 349.742 314.616 367.281 383.207 388.223 170.328 162.404 170.475 280.485 280.583 283.253 364.587 382.939 115.753 116.07 273.2 271.66 160.901 158.545 267.921 265.346 338.135 339.073 226.675 152.331 44.3346 52.3624 363.546 365.709 391.443 395.182 276.23 
80.1998 344.854 259.148 266.874 189.26 158.17 187.649 244.995 315.929 283.838 225.97 129.532 163.512 101.137 134.648 45.4263 38.8358 0 115.191 268.138 273.359 288.726 361.26 255.772 271.334 355.883 387.012 268.255 256.341 288.634 302.786 304.859 190.692 190.324 313.806 321.686 19.7587 278.757 339.726 345.149 241.026 224.875 18.9952 25.4807 318.817 317.346 329.735 325.404 411.091 421.99 387.191 171.36 135.849 301.022 414.854 430.681 243.739 116.081 420.724 427.93 429.054 270.798 142.244 311.653 317.158 312.296 314.809 262.36 141.38 305.93 426.287 68.312 77.8549 319.026 364.19 375.167 268.932 309.812 288.242 58.2953 70.4099 279.725 299.229 313.543 279.501 56.5031 279.229 311.617 72.2357 177.69 184.048 317.129 324.063 175.193 168.05 329.895 336.723 166.198 354.46 359.277 365.655 427.694 306.158 328.673 297.621 328.536 329.971 224.098 207.012 289.743 311.56 312.103 191.358 184.807 244.359 353.238 317.731 319.672 233.573 64.8958 56.5031 66.0629 365.251 349.992 332.264 362.068 373.746 378.255 374.899 408.144 306.812 313.181 370.404 379.756 349.039 400.863 300.567 61.8363 379.884 344.758 397.424 413.349 418.365 200.47 192.546 200.617 310.627 310.725 313.395 394.729 413.081 148.781 149.098 303.342 301.802 193.929 191.573 298.063 295.488 368.277 369.215 256.817 185.359 50.6219 58.6497 393.688 395.851 421.585 425.324 306.372 
34.9913 299.094 213.387 221.114 143.5 112.41 141.888 199.235 270.169 238.077 180.209 20.586 54.5658 55.3768 19.457 69.7648 82.1634 115.191 0 222.377 227.598 242.966 315.5 210.012 225.574 310.122 341.251 222.495 210.58 242.873 257.026 259.099 81.7462 81.3779 268.046 275.926 95.9721 232.997 293.966 299.388 195.266 179.115 134.186 140.672 273.057 271.586 283.975 279.644 365.331 376.23 341.43 125.6 90.0891 255.261 369.093 384.921 197.979 70.3209 374.964 382.17 383.293 225.037 96.4835 265.893 271.398 266.536 269.048 216.6 95.6198 260.17 380.526 104.43 113.973 273.266 318.429 329.407 223.171 264.051 242.482 67.3361 65.6432 233.965 253.469 267.782 233.741 59.0581 233.469 265.857 51.4666 68.7441 75.102 271.369 278.303 66.2467 59.1041 284.134 290.962 57.252 308.7 313.516 319.895 381.933 260.398 282.912 251.861 282.775 284.211 178.338 161.251 243.983 265.8 266.343 145.598 139.046 198.598 307.478 271.97 273.912 187.812 57.5579 59.0581 49.4983 319.49 304.232 286.503 316.308 327.986 332.494 329.138 362.384 261.051 267.421 324.644 333.996 303.279 355.103 254.806 54.34 334.124 298.998 351.663 367.589 372.605 154.71 146.785 154.857 264.867 264.964 267.635 348.969 367.321 39.8346 40.1515 257.582 256.042 84.9826 82.627 252.303 249.728 322.517 323.455 211.057 76.4132 87.578 88.3134 347.928 350.091 375.825 379.564 260.612 
196.843 176.46 20.6486 55.3456 88.9564 109.967 148.094 180.477 147.535 115.443 57.5752 226.556 260.535 167.001 241.834 222.711 237.996 268.138 222.377 0 5.2211 77.1982 138.682 87.3775 102.94 187.488 218.617 202.311 190.396 50.1346 64.2871 66.3599 287.716 287.348 102.278 110.158 248.919 110.363 171.331 176.754 175.082 48.533 287.133 293.618 80.3182 78.8469 91.2361 86.9049 242.697 253.596 218.796 134.064 139.588 62.5226 246.459 262.287 47.5999 157.96 252.33 259.536 260.659 102.403 133.194 73.1544 78.6589 73.7973 76.3095 93.966 132.661 67.431 257.892 257.376 266.919 80.5271 195.795 206.772 30.4327 71.3125 119.848 213.168 224.822 111.331 60.73 75.0435 111.106 214.89 40.73 73.1179 199.158 274.714 281.072 78.6304 85.5644 272.216 265.074 118.366 125.194 263.222 142.932 147.749 154.127 259.299 67.6594 117.144 86.0932 105.958 107.393 158.154 140.729 51.2443 73.0614 73.604 109.054 83.3309 23.7791 141.71 106.202 108.144 39.8358 216.736 214.89 208.677 196.856 181.598 163.869 193.674 162.218 166.726 206.504 239.75 95.2835 101.653 202.01 211.362 180.645 232.469 77.9889 213.519 211.49 122.18 229.029 244.955 249.97 125.028 130.301 134.673 72.1281 72.2258 74.8965 226.334 244.687 245.804 246.121 134.948 133.408 290.952 288.597 129.668 127.094 199.883 200.821 11.3207 282.383 240.525 234.146 225.294 227.457 253.191 256.929 67.8728 
202.064 181.681 25.8697 60.5667 94.1775 115.188 153.315 185.698 152.756 120.664 62.7963 231.777 265.757 172.222 247.055 227.933 243.217 273.359 227.598 5.2211 0 82.4193 143.903 92.5986 108.161 192.709 223.838 207.532 195.617 55.3557 69.5082 71.581 292.937 292.569 107.499 115.379 254.14 115.584 176.553 181.975 180.303 53.7541 292.354 298.839 85.5393 84.068 96.4572 92.126 247.918 258.817 224.017 139.285 144.809 67.7437 251.68 267.508 52.821 163.181 257.551 264.757 265.88 107.624 138.415 78.3755 83.88 79.0184 81.5306 99.1871 137.882 72.6521 263.113 262.597 272.14 85.7482 201.016 211.994 35.6538 76.5336 125.069 218.389 230.043 116.552 65.9511 80.2646 116.328 220.111 45.9511 78.339 204.379 279.935 286.293 83.8515 90.7855 277.437 270.295 123.587 130.415 268.443 148.153 152.97 159.348 264.52 72.8805 122.365 91.3143 111.179 112.614 163.375 145.95 56.4654 78.2825 78.8251 114.275 88.552 29.0002 146.931 111.424 113.365 45.0569 221.958 220.111 213.898 202.077 186.819 169.09 198.895 167.439 171.947 211.725 244.971 100.505 106.874 207.231 216.583 185.866 237.69 83.21 218.74 216.711 127.401 234.25 250.176 255.192 130.249 135.522 139.894 77.3492 77.4469 80.1176 231.556 249.908 251.025 251.342 140.169 138.629 296.173 293.818 134.89 132.315 205.104 206.042 16.5418 287.604 245.746 239.367 230.515 232.678 258.412 262.151 73.0939 
217.432 207.156 56.5496 21.8526 104.274 130.556 166.745 195.795 178.231 146.14 88.2717 247.145 281.124 187.589 262.423 243.3 258.584 288.726 242.966 77.1982 82.4193 0 83.3807 118.074 133.636 218.185 249.314 217.629 205.714 81.5911 95.6653 97.7381 308.305 307.936 25.0799 32.9599 269.507 141.059 202.028 207.451 190.4 63.851 307.722 314.207 107.145 110.225 122.614 118.283 273.393 284.292 249.493 150.456 160.177 93.9791 277.156 292.984 44.9872 178.549 283.027 290.232 291.356 133.1 153.783 104.533 110.037 105.175 107.688 124.663 153.25 98.8092 288.589 277.965 287.508 111.905 226.492 237.469 52.5644 98.1392 150.544 233.757 245.411 142.027 92.1083 106.422 141.803 235.479 72.1082 104.574 219.746 295.303 301.66 105.951 116.943 292.805 285.663 41.1682 47.9961 283.81 65.7337 70.5503 76.9285 289.996 99.0376 39.9461 8.89499 54.3846 55.8203 173.472 156.047 82.6225 104.44 104.982 124.372 103.92 81.7611 64.5119 29.0042 30.9458 72.5482 237.325 235.479 229.266 227.553 212.294 194.566 224.37 85.0197 89.5282 237.201 270.446 18.0853 24.4549 232.706 242.058 211.342 263.165 26.4158 234.107 242.186 70.607 259.726 275.651 280.667 140.346 145.619 149.991 103.506 103.604 101.723 257.031 275.383 266.393 266.71 165.644 164.104 311.541 309.186 160.365 157.79 230.579 231.518 69.3027 302.972 261.113 254.734 255.99 258.153 283.887 287.626 99.2511 
289.965 279.69 118.033 94.3861 176.808 203.09 239.279 268.328 250.765 218.673 160.805 319.678 353.658 260.123 334.956 315.834 331.118 361.26 315.5 138.682 143.903 83.3807 0 190.607 206.17 290.718 321.847 290.162 278.248 137.276 151.35 153.423 380.838 380.47 108.461 116.341 342.041 213.593 274.561 279.984 262.933 136.384 380.255 386.741 162.83 165.91 178.299 173.968 345.927 356.826 322.026 222.99 232.711 149.664 349.689 365.517 117.521 251.082 355.56 362.766 363.889 205.633 226.316 160.218 165.722 160.86 163.373 197.196 225.783 154.494 361.122 350.499 360.042 167.59 299.025 310.002 108.249 153.824 223.078 306.291 317.944 214.561 147.793 162.107 214.336 308.012 127.793 160.259 292.28 367.836 374.194 161.636 172.628 365.339 358.196 124.549 131.377 356.344 149.114 153.931 160.309 362.529 154.723 123.327 88.7123 32.7243 31.792 246.005 228.581 138.307 160.125 160.667 196.906 176.453 143.245 147.893 112.385 114.326 145.082 309.859 308.012 301.799 300.086 284.828 267.099 296.904 168.4 172.909 309.734 342.98 101.466 107.836 305.24 314.592 283.875 335.699 60.6931 306.641 314.72 16.5019 332.259 348.185 353.2 212.879 218.152 222.524 159.191 159.289 157.408 329.564 347.917 338.927 339.244 238.178 236.638 384.075 381.719 232.898 230.324 303.113 304.051 130.787 375.505 333.647 327.268 328.524 330.687 356.421 360.159 154.936 
184.477 89.7047 88.4951 96.2214 77.9045 97.6015 135.728 169.425 60.7798 36.1091 29.8023 214.19 248.17 154.635 229.468 210.346 225.63 255.772 210.012 87.3775 92.5986 118.074 190.607 0 15.5622 100.733 131.862 191.259 179.344 117.981 132.134 134.206 275.35 274.982 143.154 151.034 236.553 30.1138 84.5765 89.9993 164.03 54.223 274.767 281.253 148.165 146.693 159.083 154.751 155.942 166.841 132.041 121.698 127.222 130.369 159.704 175.532 73.0868 145.594 165.575 172.781 173.904 22.1579 120.828 141.001 146.505 141.644 144.156 13.7208 120.295 135.277 171.137 245.011 254.554 148.374 109.04 120.018 98.2792 139.159 32.4703 200.803 212.456 31.0853 128.577 142.89 30.8612 202.524 108.577 140.964 186.792 262.348 268.706 146.477 153.411 259.851 252.708 159.242 166.07 250.856 183.808 188.624 195.002 172.544 135.506 158.02 126.969 157.883 159.319 147.102 129.677 119.091 140.908 141.451 98.0025 70.9651 63.5984 182.586 147.078 149.02 47.5416 204.371 202.524 196.311 110.101 94.843 77.1143 106.919 203.094 207.602 119.749 152.995 136.159 142.529 115.255 124.607 93.8901 145.714 129.914 201.153 124.735 174.106 142.274 158.2 163.215 113.976 119.249 123.621 139.975 140.072 142.743 139.58 157.932 233.438 233.755 54.3145 46.0304 278.587 276.231 42.7051 39.7162 113.128 114.066 76.0567 270.017 228.159 221.78 138.539 140.702 166.436 170.175 135.719 
200.04 74.1424 104.057 111.784 93.4667 113.164 151.29 184.987 45.2175 26.0355 45.3645 229.752 263.732 170.197 245.031 225.908 241.192 271.334 225.574 102.94 108.161 133.636 206.17 15.5622 0 85.1712 116.3 206.821 194.907 133.543 147.696 149.769 290.912 290.544 158.716 166.596 252.115 28.8477 69.0143 74.4371 179.592 69.7852 290.329 296.815 163.727 162.256 174.645 170.314 140.379 151.279 116.479 137.26 142.785 145.931 144.142 159.97 88.649 161.156 150.013 157.219 158.342 12.0844 136.39 156.563 162.068 157.206 159.718 20.5215 135.857 150.84 155.575 260.573 270.116 163.936 93.4782 104.455 113.841 154.721 16.9081 216.365 228.018 21.0117 144.139 158.452 20.7877 218.087 124.139 156.527 202.354 277.91 284.268 162.039 168.973 275.413 268.27 174.804 181.632 266.418 199.37 204.187 210.565 156.982 151.068 173.582 142.531 173.445 174.881 162.664 145.24 134.653 156.47 157.013 113.565 86.5274 79.1606 198.148 162.64 164.582 63.1038 219.933 218.087 211.873 94.5391 79.2808 61.5521 91.3566 218.656 223.164 104.187 137.433 151.722 158.091 99.6925 109.045 78.3279 130.152 145.477 216.715 109.173 189.668 126.712 142.638 147.653 129.538 134.811 139.183 155.537 155.635 158.305 124.017 142.369 249.001 249.318 38.7523 30.4682 294.149 291.793 27.1429 24.1539 97.5657 98.5039 91.619 285.579 243.721 237.342 122.977 125.14 150.874 154.612 151.282 
284.588 11.0288 188.606 196.332 178.015 197.712 235.839 269.536 39.9537 72.0451 129.913 314.301 348.281 254.746 329.579 310.457 325.741 355.883 310.122 187.488 192.709 218.185 290.718 100.733 85.1712 0 31.1288 291.37 279.455 218.092 232.245 234.317 375.461 375.093 243.265 251.145 336.664 91.3143 48.0391 53.4619 264.141 154.334 374.878 381.364 248.276 246.804 259.194 254.862 55.2083 66.1076 31.3077 221.809 227.333 230.48 58.9709 74.7986 173.198 245.705 64.8416 72.0475 73.171 85.9963 220.939 241.112 246.616 241.755 244.267 94.4335 220.406 235.388 70.404 345.121 354.664 248.485 14.4673 25.4444 198.39 239.27 68.2631 300.913 312.567 77.5542 228.687 243.001 77.6697 302.635 208.687 241.075 286.903 362.459 368.817 246.588 253.522 359.961 352.819 259.353 266.181 350.967 283.919 288.735 295.113 71.8109 235.617 258.131 227.08 257.994 259.43 247.213 229.788 219.202 241.019 241.561 198.113 171.076 163.709 282.697 247.189 249.131 147.653 304.482 302.635 296.422 9.36787 28.6171 28.9521 18.6715 303.205 307.713 19.0158 52.2616 236.27 242.64 14.5213 23.8736 19.5539 44.9803 230.025 301.264 30.1617 274.216 41.5407 57.4665 62.4821 214.087 219.36 223.732 240.086 240.183 242.854 38.8461 57.1982 333.549 333.866 58.5418 72.0786 378.697 376.342 58.4399 65.875 76.5906 77.5287 176.168 370.128 328.27 321.891 37.8053 39.9684 65.7024 69.4411 235.83 
315.717 42.1576 219.735 227.461 209.144 228.841 266.968 300.664 71.0825 103.174 161.042 345.43 379.409 285.874 360.708 341.585 356.869 387.012 341.251 218.617 223.838 249.314 321.847 131.862 116.3 31.1288 0 322.499 310.584 249.221 263.373 265.446 406.59 406.222 274.394 282.274 367.793 122.443 79.168 84.5908 295.27 185.463 406.007 412.492 279.404 277.933 290.322 285.991 31.461 41.8063 12.5093 252.938 258.462 261.609 35.2236 50.4973 204.326 276.834 40.5403 47.7462 48.8697 117.125 252.068 272.241 277.745 272.884 275.396 125.562 251.535 266.517 46.6567 376.25 385.793 279.613 38.8183 29.6164 229.519 270.399 99.3919 332.042 343.696 108.683 259.816 274.13 108.799 333.764 239.816 272.204 318.032 393.588 399.946 277.717 284.651 391.09 383.948 290.482 297.31 382.096 315.047 319.864 326.242 47.5096 266.746 289.26 258.209 289.123 290.559 278.342 260.917 250.331 272.148 272.69 229.242 202.205 194.838 313.826 278.318 280.259 178.781 335.61 333.764 327.551 32.0103 56.8963 60.0809 42.736 334.333 338.842 14.0753 27.9603 267.399 273.769 32.8375 42.1898 50.6827 20.679 261.154 332.392 24.899 305.345 10.4119 33.1652 38.1808 245.215 250.489 254.861 271.214 271.312 273.983 13.0718 32.8969 364.678 364.995 89.6706 103.207 409.826 407.471 89.5687 97.0038 107.719 108.658 207.296 401.257 359.399 353.019 6.93114 9.09422 41.9551 45.6939 266.959 
198.597 280.341 185.815 195.776 113.354 117.614 113.184 30.7889 251.416 219.325 161.457 226.673 260.653 167.118 241.951 222.829 238.113 268.255 222.495 202.311 207.532 217.629 290.162 191.259 206.821 291.37 322.499 0 22.5771 215.301 229.454 231.527 287.833 287.465 242.709 250.588 249.036 214.244 275.213 280.636 27.2288 153.778 287.25 293.736 245.485 244.014 256.403 252.072 346.578 357.477 322.677 96.8949 132.406 227.689 350.341 366.168 172.641 152.174 356.211 363.417 364.541 206.285 126.012 238.321 243.826 238.964 241.476 197.847 140.307 232.598 361.774 257.494 267.037 245.694 299.677 310.654 195.599 236.479 223.729 213.286 224.939 215.212 225.897 240.21 214.988 215.008 205.897 238.285 199.275 274.831 281.189 243.797 250.731 272.334 265.191 258.797 265.625 263.339 283.362 288.179 294.557 363.181 232.826 257.575 226.524 257.438 258.873 44.1567 67.8817 216.411 238.228 238.771 93.2563 125.57 178.532 282.141 246.633 248.574 162.475 216.854 215.008 208.794 300.738 285.479 267.751 297.555 302.648 307.157 310.385 343.631 235.714 242.083 305.891 315.243 284.526 336.35 229.469 213.636 315.371 273.66 332.91 348.836 353.852 77.2831 75.7092 67.6379 237.295 237.393 240.063 330.216 348.568 245.922 246.239 238.829 237.289 291.07 288.714 233.55 230.975 303.764 304.702 190.99 282.5 240.642 234.263 329.175 331.338 357.072 360.811 233.04 
186.683 268.426 173.901 183.862 101.44 109.077 101.269 42.0137 239.502 207.41 149.542 214.759 248.738 155.203 230.037 210.914 226.198 256.341 210.58 190.396 195.617 205.714 278.248 179.344 194.907 279.455 310.584 22.5771 0 203.387 217.539 219.612 275.919 275.55 230.794 238.674 237.122 202.33 263.298 268.721 15.3143 141.863 275.336 281.821 233.57 232.099 244.488 240.157 334.664 345.563 310.763 84.9804 120.491 215.775 338.426 354.254 160.727 140.259 344.297 351.503 352.626 194.37 114.098 226.407 231.911 227.05 229.562 185.933 131.771 220.683 349.859 245.579 255.122 233.779 287.762 298.739 183.685 224.565 211.815 201.371 213.025 203.297 213.982 228.296 203.073 203.093 193.982 226.37 187.36 262.917 269.275 231.883 238.817 260.419 253.277 246.882 253.71 251.425 271.448 276.264 282.643 351.266 220.912 245.66 214.609 245.523 246.959 32.2422 55.9672 204.497 226.314 226.856 81.3419 113.656 166.617 270.226 234.718 236.66 150.56 204.939 203.093 196.88 288.823 273.565 255.836 285.641 290.734 295.242 298.471 331.717 223.799 230.169 293.976 303.329 272.612 324.436 217.554 201.721 303.457 261.746 320.996 336.922 341.937 65.3686 63.7948 55.7234 225.38 225.478 228.149 318.301 336.653 234.007 234.324 226.915 225.375 279.155 276.8 221.635 219.06 291.85 292.788 179.075 270.586 228.727 222.348 317.261 319.424 345.158 348.896 221.125 
